0000000000000000000000000000001
0000000000000000000000000000010
0000000000000000000000000000011
0000000000000000000000000000100
0000000000000000000000000001000
0000000000000000000000000010000
0000000000000000000000000010100
0000000000000000000000000100000
0000000000000000000000000100100
0000000000000000000000000110000
0000000000000000000000000110100
0000000000000000000000001000000
0000000000000000000000010000000
0000000000000000000000100000000
0000000000000000000000100000100
0000000000000000000000100010000
0000000000000000000000100100000
0000000000000000000000100110010
0000000000000000000001000000000
0000000000000000000001000000100
0000000000000000000010000000000
0000000000000000000100000000000
0000000000000000000100000000100
0000000000000000000100010000000
0000000000000000000100100001000
0000000000000000000110000000000
0000000000000000000110000000100
0000000000000000001000000000000
0000000000000000001000000100000
0000000000000000001000000110000
0000000000000000010000000000000
0000000000000000010000001000000
0000000000000000010000001000100
0000000000000000010000001001000
0000000000000000010010001110100
0000000000000000100000000000000
0000000000000000100000100000000
0000000000000000110000101000000
0000000000000001000000000000000
0000000000000001000000000000011
0000000000000001000000000000100
0000000000000001000000000100000
0000000000000001000000100000000
0000000000000001001100000000000
0000000000000010000000000000000
0000000000000010000000000001000
0000000000000010000001000000000
0000000000000010000010000000000
0000000000000010000100000000011
0000000000000010000101000000000
0000000000000010001000000000000
0000000000000010010000000000000
0000000000000010010000001000000
0000000000000010010010001000000
0000000000000010010010001000100
0000000000000010010010101000000
0000000000000010011000001000000
0000000000000010110010101000000
0000000000000100000000000000000
0000000000000100000000000000100
0000000000000100000000000100000
0000000000000100000000100000000
0000000000000100000000100100000
0000000000000100000001000000000
0000000000000100000010000000000
0000000000000100000010000100000
0000000000000100000010100000000
0000000000000100000010100000100
0000000000000100000010100110000
0000000000000100000110110000101
0000000000000100001000000000000
0000000000000100001000000100000
0000000000000100001000000110000
0000000000000100001000100100000
0000000000000100001000100110000
0000000000000100010000000000000
0000000000000100010010101110000
0000000000000100011010101110000
0000000000000100100000000001000
0000000000000101000010000010000
0000000000000110000000000000000
0000000000000110000010000000000
0000000000000110001000100000000
0000000000000110010000000000000
0000000000000110010000001000000
0000000000000110010010001000000
0000000000000110010010101000000
0000000000001000000000000000000
0000000000001000000001000000000
0000000000001000000001000110000
0000000000001000000010000000000
0000000000001000000011000000000
0000000000001000001000000000000
0000000000001001000001000000000
0000000000001001001001000000000
0000000000001001100001000000100
0000000000001010010010001110000
0000000000001010010010100110000
0000000000001010011011001000100
0000000000001011000001000000000
0000000000001100000001000000000
0000000000001100000001100000000
0000000000001110010000000110000
0000000000001110110011101000000
0000000000001111011011001010000
0000000000010000000000000000000
0000000000010000000000000000001
0000000000010000000000000000010
0000000000010000000000010000000
0000000000010010000000000000010
0000000000010100001000000000000
0000000000011000000000000000000
0000000000100000000000000000000
0000000000100000000000000100000
0000000000100000000000100000000
0000000000100000000001000000000
0000000000100000000100001000010
0000000000100000001001000000000
0000000000100000010000000001100
0000000000100000010000001000000
0000000000100000010010001000100
0000000000100001001000000010001
0000000000100010000000000000000
0000000000100010010000001000100
0000000000100100000000000000000
0000000000100100000100100000000
0000000000100100010000000000000
0000000000101000000010000000000
0000000000101010011001001000000
0000000000101011000001000000000
0000000000101011000001100000000
0000000000111111001101100100111
0000000001000000000000000000000
0000000001101010011011001100000
0000000001101011001011100000100
0000000010000000000000000000000
0000000010000000000000000000100
0000000010000000000000000010000
0000000010000000000000000110100
0000000010000000000000100000000
0000000010000000000000100000100
0000000010000000000001000000000
0000000010000000000010000000100
0000000010000000010000001000000
0000000010000000011010001100100
0000000010000000100000000001000
0000000010000000100010000000100
0000000010000010000000000000100
0000000010000010010000001000100
0000000010000100000000000110000
0000000010000100010000000000000
0000000010000100011010001110000
0000000010000100011010111110000
0000000010000100100010000000000
0000000010000101000011000000100
0000000010000101011010111110100
0000000010001001001001001000100
0000000010001010100001000000100
0000000010011000000000001000000
0000000010011011001001001000110
0000000010100000000000000000000
0000000010100000001101000100100
0000000010100010000000000000000
0000000010101110100001000000101
0000000010110000000010000000100
0000000011100001111001001110100
0000001100000100000000001010000
0000001100010000000000000000000
0000001100010000000000000000010
0000001100010011000000010000010
0000001100010110001000010000010
0000001100010111001010010000010
0000001100010111001010110000010
0000001100011000011011011000010
0000001100100000000000000000000
0000001100100100000100000000010
0000001100110011010110111010110
0000001101000000000000000000110
0000001101010000000000010000110
0000001101010000000000010010010
0000001101010000000000100000110
0000001101010000000000110000010
0000001101010011101000110000010
0000001101010110000110010100011
0000001101010110010010111010010
0000001101100110100000110100110
0000001111011111011011111000110
0000001111110000000000010000110
0000001111110000100010010011110
0000010000000000000000000000101
0000010000000000000000010010000
0000010000000000000100000000000
0000010000000000000100000000001
0000010000000000000100000000100
0000010000000001000100000000001
0000010000000001000100000110001
0000010000001000000100000001001
0000010000001000100000010000001
0000010000100000000100000000101
0000010000100010000101000000101
0000010000100010000101000000111
0000010000100100010000001000100
0000010000100100011100000100001
0000010000100100100000000010000
0000010000101000011111100010000
0000010000101111011101111010001
0000010000110111110110111100111
0000010001100100000100110000001
0000010010000000000100000000101
0000010010000100000100000000101
0000010010000100010010111110000
0000010010000100100010000000000
0000010010000101010010111110100
0000010010000110000000000000100
0000010010100000000100000000101
0000010010100000000100100000001
0000010010100000000110000000101
0000010010100000001100000000101
0000010010100000011000000001001
0000010010100001000000010000100
0000010010100100000100000000001
0000010010100101011010111110100
0000010010101010011111001000101
0000010011010010000100000000100
0000010011010010000101000000100
0000010011100010010110001000101
0000010011100100000100000000101
0000010011100100011100101000101
0000010011110110010110001000101
0000011100000010000000010010011
0000011100110000000000010000111
0000011101000111011111101000111
0000011101110000000100010000011
0000011101110000000100111000011
0000011101111110010111111000011
0000011110110000000100010000111
0000011110110010011110011000111
0000011110110100000100010000111
0000011111000100000100110000011
0000011111010010000100000000110
0000011111010100000100110000111
0000011111010111101010011110111
0000011111100000010100011000011
0000011111110000000100010000111
0000011111110000001100010000111
0000011111110000001100010110111
0000011111110001100100010010011
0000011111110100000100010000111
0000011111110100000100110000111
0000011111110100000101010000111
0000011111110100000110010000110
0000011111110100000110110110111
0000011111110110010110011000111
0000011111110110010110111000111
0000011111110110010110111010111
0000011111111010000100010000111
0000011111111011010111011000111
0000100000000000000000000000000
0000100000000000000000000010000
0000100000000000000000000100000
0000100000000000000000100000000
0000100000000000000010000000000
0000100000000001000000000000001
0000100000000001000000000010000
0000100000000100000000000110000
0000100000000100001000000000000
0000100000000110000010000000000
0000100000001000001001100000000
0000100000001000101100100001000
0000100000001001000001000000000
0000100000001001001001000110000
0000100000001010000010100000000
0000100000001010011011101110000
0000100000001011011001000000000
0000100000001100000001100110000
0000100000001111001001000100100
0000100000001111011011001110000
0000100000010010010010001000010
0000100000100011000001100000000
0000100001000000000000000000000
0000100010000000000000000000000
0000100010000000000010100000000
0000100010001111001001100110100
0000100011001011011011101110100
0000100011010100000001100100010
0000101100000001000000110000111
0000101100001001001111100100110
0000101101000111000100010000010
0000101101010000000000010110010
0000101101010000000000011010010
0000101101010000001100010110010
0000101111010000001110110000110
0000101111010010010010011000110
0000101111010100000010010110010
0000110000000000001100000000001
0000110000000100100110100100000
0000110010001111011111110001111
0000110011100000100100010000001
0000111110111111110101110000111
0000111111110000001100010000111
0000111111110111010101111000111
0000111111111001101110010100011
0000111111111011011111111110111
0000111111111101011111111100111
0000111111111111011111011110111
0000111111111111011111111110111
0001000000000000000000000000000
0001000000000000000000000000100
0001000000000000000000000001000
0001000000000000000000000100000
0001000000000000000000010000000
0001000000000000010100111100111
0001000000000000100000000000000
0001000000000010000000000000000
0001000000000010001000100110000
0001000000000100000000000000000
0001000000000100000000000110000
0001000000000100001000000000000
0001000000000100001000000001000
0001000000000100001010000000000
0001000000000111011010001000100
0001000000001010000011100000100
0001000000010100000000100010000
0001000001000000000000000000000
0001000001100000000000000000000
0001000011100100010111001010010
0001000011101111100011101010000
0001001100010000000010110000010
0001001101010100010010011000010
0001001111010000000000010100110
0001001111111011011101011000010
0001010001001111011001001000000
0001010010101010010111001000101
0001011111000000010101011010111
0001011111111011001101110000111
0001100000000000010000000010000
0001100000001011011011101110000
0001100011101010101111010110000
0001100011101111111111111100000
0001110000101111111101000110101
0001111110111011010101010000111
0001111111110111100110010110111
0001111111111100110110010001111
0010000000000000000000000001000
0010000000000000000000000001100
0010000000000000000000100000011
0010000000000000000010000001000
0010000000000000010000001001000
0010000000000000010010001001000
0010000000000001000000000001000
0010000000000010000000000101000
0010000001111001101111100100101
0010000010000000101000100110100
0010000010001111011011101001100
0010000010100000000000100000000
0010000011000001000100000000000
0010001100001000011001000000000
0010001100010000000000010001010
0010001100010000000000100001010
0010001100010000000000110001010
0010001100101101000100000001010
0010001100110100000010111010110
0010001111000001000101000000000
0010001111001001011101000000000
0010001111011000001011010001110
0010010000000000100100000001000
0010010000000001000010000010000
0010010001000000000100010001001
0010010001000000000100010001101
0010010010100000000100000000111
0010010010100000000100010001001
0010010010100000110010000111100
0010011100110010010110010111011
0010011101111011010101111111011
0010011111110010011110011001111
0010011111110110010100111111111
0010100000101000011010001000000
0010100001000110010010101111000
0010101100100011110101011001001
0010101101010110010010011011010
0010101110000100010010101111000
0010101111000101101100011111111
0010101111111101001110100001011
0010110010100111010110011001001
0010110011000101011010101001100
0010110011100000001100010001101
0010110011100100100100110001101
0010111100110011100110111011111
0010111111000110010101011011011
0010111111011100010101011011111
0010111111100000010101011011011
0010111111111110111111011111111
0011000000000000000000000001000
0011000000000000000000000001100
0011000000000000000000000111000
0011000000000000000000100101001
0011000000000000010000001001110
0011000000000011000000000001000
0011000000000100000000000001000
0011000000000100001000100111000
0011000000000101000000000001000
0011000000000110001000000001000
0011000000000110010010001101000
0011000000000110010010101001000
0011000000001001001001100001000
0011000000001010000111110011000
0011000000001011000000000001000
0011000000001011010011101101100
0011000000010000000000000001010
0011000000100000100100000001001
0011000000101010010001000001000
0011000000110000010000011001110
0011000001000000011010001001000
0011000001001111011011101111000
0011000010000011011010101001010
0011000011000000000000000000000
0011001100010010110000011111110
0011001100011001101001010001110
0011001100111000000001010001010
0011001101000000000000000011110
0011001101010000000000010001010
0011001101010000000000110001110
0011001111000110010010101001110
0011001111010000000000010001110
0011010000000000000100000001000
0011010000010000000100010001011
0011010010100000000100000001101
0011010010100010000100000001101
0011010010101011011111101001101
0011010010110010010100001101101
0011010010111000010001000101100
0011011100110111101010010111110
0011011101010110110000101111110
0011011101111111011111011001111
0011011110000010011110110111111
0011011110111111010110011001111
0011011111010000000100110000111
0011011111110000000100010011111
0011011111110000000110010001111
0011011111110010000100110101111
0011011111110100001110010101111
0011100000000100101000100111100
0011100000001000000001000111000
0011100000001010001001000001000
0011100000001111011011000111000
0011100000001111011011101011000
0011100000010010001110011011000
0011100000011000001111110101000
0011100010001001010011001001000
0011100010101111011011101101100
0011101101010010100000010011010
0011101101011010101000010011010
0011101111111111011111101111111
0011110001101001001101000111101
0011110010000001000100100001111
0011110010101011010111001111001
0011110011101110011111111111001
0011111111000000010101011011111
0011111111011111110111011011011
0011111111110000000110010001111
0011111111110110001100110111111
0011111111110110010100011011111
0011111111111011000101010101111
0011111111111011011111111111011
0011111111111101001111110001111
0011111111111111011101011111111
0011111111111111011111101111111
0011111111111111011111111011111
0011111111111111011111111111111
0011111111111111111111111111111
0100000000000000000100000100101
0100000000000000000100100100101
0100000000000100000000000000000
0100011111100100011110111111111
0100111100000000111000100100011
0101000000001000101100111000110
1100000000000000000000000000000
1100000000000000000000000000001
1100000000000000000001000010000
1100000000000000000100000000000
1100000000000000000100001000000
1100000000000000001000000100000
1100000000000000100000000000000
1100000000000000100000000000001
1100000000000000100010000000000
1100000000000000101000000000000
1100000000000000101000100000000
1100000000000000101010000110000
1100000000000100100100000000000
1100000000000100101000000110101
1100000000000101100000000110011
1100000000000101101000100110000
1100000000001001100000000000000
1100000000001001100010000000000
1100000000001001101011100100000
1100000000001011100010000000000
1100000000001011111001000000000
1100000000001011111011001000000
1100000000001101101011100110100
1100000000010100101000000110100
1100000000100001100000000000000
1100000000101010110110000000000
1100000001000011000000000100100
1100000001100100000100000000100
1100000010000000100000000000000
1100000010000100100000000010100
1100000011111001101001000110100
1100001100000000000100010000010
1100001100010010110000011000010
1100001100010100100110110110110
1100001101000000110010011100000
1100001101010000100000010000010
1100001110111110100010010100010
1100010000000100100000100110001
1100010000101000101101000110001
1100010000101101100101100010001
1100010001101100110101101000101
1100010010100000100100000000101
1100010010100000101110100000101
1100010010100000110110001000101
1100010010101101111111101110101
1100010011101101101111010100001
1100010011111101101101000000101
1100011101111011111101111000011
1100011101111111100111010100011
1100011110110010010100011000111
1100011111000000100100000000111
1100011111001000010010001110001
1100011111011110110111110110010
1100011111011110111111110110010
1100011111110000100100010000111
1100011111110010110110011000011
1100011111110110010110111110011
1100011111111000111101011110111
1100011111111011100101110000111
1100100000000000100000000100000
1100100000000000110000000000000
1100100000000001101000100000000
1100100000000110110010101000000
1100100000001011100010000000000
1100100000001011111011001000000
1100100000001011111011001000100
1100100000001101101011100110000
1100100010001011111011101110100
1100100011001101100011100000100
1100101001000010110010001000100
1100101100000000100000000000000
1100101111001011111011011000110
1100110000001000000000100100001
1100110000100011111111101110001
1100110000101000101101000110101
1100110000101110111101101100001
1100111100110111001111110101111
1100111101111110111100111110111
1100111101111111110111111110111
1100111110110001000100010110111
1100111111001101011011101110111
1100111111110000100100010110111
1100111111111001001101010010111
1100111111111001101101010010111
1100111111111001101101010110111
1100111111111010001111010100111
1100111111111011111111111110111
1100111111111101101101010110111
1100111111111101111111011010111
1100111111111101111111111110111
1100111111111111101111010110111
1101000000000010010000001000000
1101000000000100000000000000000
1101000000001101100010000000100
1101000000001101101011000110000
1101000001011100100101000000000
1101000010000000100000000000000
1101000010000111111010101101000
1101000010100000110010001110100
1101000011101010110011001000101
1101001110101001101001000110110
1101001110111110101111010010111
1101010000100000100100000100001
1101010010100000100100000000101
1101010010101000101101000000101
1101011110110110000101000000011
1101011111110000100100010000111
1101011111110011111100011010111
1101011111111000100101010000111
1101100000000000000100000010100
1101100000001011100001000000000
1101100000001011111011001110000
1101100010100001010000001000100
1101101111111111111010111110011
1101110010100000100100000010100
1101110011111101111111001011101
1101111110100011111111101110111
1101111111011111111111011010011
1101111111101110110111111110011
1101111111110010110110011000011
1101111111111110100111010000111
1101111111111111101110010100111
1101111111111111111111111110111
1110000000000100100000000001000
1110000001000000100000000001000
1110010010101101101111000111101
1110010011100100100100000001101
1110011111010000100000010001111
1110011111110000100100110001111
1110011111110000100101010001111
1110011111110100100101010001111
1110011111111110111101111001111
1110011111111111001011110111111
1110100000001001100010000001001
1110100000001111110011101001000
1110100000100000100000100111100
1110101111010110100000110111010
1110101111111111111010011111010
1110110010001110101101100001101
1110110011100000100100110111101
1110110011101101101101010101101
1110111110101001101111101100111
1110111110101111111111111001111
1110111111111101101100110111111
1110111111111101111111111111111
1110111111111111111111111111111
1111000000000000000000000001000
1111000000000000110000011001000
1111000000000100110010101001000
1111000000000101100000100001100
1111000000000110110010001001000
1111000000001000100001000101000
1111000000001010101011100111000
1111000000101111111011101111000
1111000010000100100000100111100
1111000010000100111010000111100
1111000010001011111011001001000
1111000010100001110010001111100
1111000010110100110000001101100
1111001101010110101100000101111
1111001101111100101011010001110
1111001110010110111010111001110
1111001111011100101011010001110
1111001111111000100001010001110
1111001111111110011011001101010
1111010000001110010111101101001
1111010000100000100100000001101
1111010000100011101100000001001
1111010000101000101101000001101
1111010010001111111111001111101
1111010010100000101110000111101
1111010010100110100110000001001
1111010010101110101101000111101
1111010011100000110100111111001
1111010011100001110100111111001
1111010011101000110111101001101
1111011100010110111110110001011
1111011100010111110110011101011
1111011100110000100110110001111
1111011101010110111110111001011
1111011101011111111011111111010
1111011101110011100100110001011
1111011101111110110111111011111
1111011110010110111110111111111
1111011110011100100101110011111
1111011110110000101100000001111
1111011110110000110110011011111
1111011110110110110100011111111
1111011110110110110110111011111
1111011110111100111111111111111
1111011111011001101101110001111
1111011111011111111111111111110
1111011111100001100100000001101
1111011111100100111110100111101
1111011111101110100101010111001
1111011111110000100100010001111
1111011111110100100100110001011
1111011111110100110100011011111
1111011111110100111110011111101
1111011111110100111110111111101
1111011111110100111110111111111
1111011111110101111110111111101
1111011111111010110100011001111
1111011111111011101101010101111
1111011111111011110101011011111
1111011111111011110111011111111
1111011111111011111101011001111
1111011111111011111101111111111
1111011111111011111111111111111
1111011111111101101101010101111
1111011111111101101101110111111
1111011111111101111101011011111
1111011111111101111101011111111
1111011111111101111111111111111
1111011111111110110111011001111
1111011111111110111111111111111
1111011111111111110111111001111
1111011111111111111101011001111
1111011111111111111111111001111
1111011111111111111111111101111
1111011111111111111111111111111
1111100000000000111000101111100
1111100000000010111010001011100
1111100000001000100001000001000
1111100000001001101011100101100
1111100000001001111011001111000
1111100000001011111001001111000
1111100000001011111011001101000
1111100000001011111111001101000
1111100000001100110001001011000
1111100000001101100001100001000
1111100000001101101001100111000
1111100000001101101001100111100
1111100000001101101101000111000
1111100000001101111011101111100
1111100000001110110011101011000
1111100000001111110010101001010
1111100000001111110011101001000
1111100000001111111001101111000
1111100000001111111011001101100
1111100000001111111011101111000
1111100001000000000001000101000
1111100001001111110011001111000
1111100001001111111011101111001
1111100010000111110010001111100
1111100010101011101101000001000
1111100010101111111011101111100
1111100010111111111011101111100
1111100011101111110011001111100
1111100100001111111011101111000
1111101100001001101001010111010
1111101100001111111011000101000
1111101100011111101001110111010
1111101101011011110011111011111
1111101101011111111011011111010
1111101101011111111011111111110
1111101111001000001001000011000
1111101111011111111011110111010
1111101111011111111011110111110
1111101111011111111011111111110
1111101111110110001010110111110
1111101111111110111111011111110
1111101111111111111111011111111
1111101111111111111111101111111
1111110000101011101101100101101
1111110000101011111111001001001
1111110000101111111111001111001
1111110000101111111111101001001
1111110001001111101111000111101
1111110001101011111101000011001
1111110001101011111101111111001
1111110010000100111110101111101
1111110010001111111111101111101
1111110010100000100100000111001
1111110010101011111111001011001
1111110010101011111111001111101
1111110010101101101111100001101
1111110010101110111111101111101
1111110010101111101111110111101
1111110010101111111111001111101
1111110010101111111111101001001
1111110010101111111111101111101
1111110010111111111111101111111
1111110011001001101101000111101
1111110011011111111111111111111
1111110011101111111101011001101
1111110011111111111111111111111
1111111100010011110110011011011
1111111100011011111101011011011
1111111100110011100111110011111
1111111100110011100111111011111
1111111100111111101101011001011
1111111101011011111111111111011
1111111101110110110110011001011
1111111101111110111111111111111
1111111101111111111101111110111
1111111101111111111111111011111
1111111101111111111111111101111
1111111101111111111111111111011
1111111110100100100100010001111
1111111110100100110100011001111
1111111110101111111111111011111
1111111110101111111111111111111
1111111110110100100001010001111
1111111110111010111111111111111
1111111110111011111111011111111
1111111110111011111111101111111
1111111110111100111111111111111
1111111110111101101101010111111
1111111110111101101111010111111
1111111110111101111010110110010
1111111110111101111111111111111
1111111110111111111111011111111
1111111110111111111111111111111
1111111111011011110111011011111
1111111111011011110111111011111
1111111111011111111111111111011
1111111111011111111111111111110
1111111111011111111111111111111
1111111111100110011111101111101
1111111111101001101101010111111
1111111111101111101111100111111
1111111111101111111101011101111
1111111111101111111101111111111
1111111111101111111111011001011
1111111111101111111111011011111
1111111111101111111111111111111
1111111111110001111110111111111
1111111111110010111110111101011
1111111111110011011110111111111
1111111111110011111111111001111
1111111111110100100100010001111
1111111111110100101100010001111
1111111111110101101110110011111
1111111111110110100100011111111
1111111111110110110111111011111
1111111111110111011111101111111
1111111111110111111110111111111
1111111111110111111111111011111
1111111111110111111111111111111
1111111111111000100101010001110
1111111111111000101101010001111
1111111111111000111101010001111
1111111111111001101101010011111
1111111111111001101101010111111
1111111111111001101101110011111
1111111111111001101101110111111
1111111111111001101111010011111
1111111111111001101111010111111
1111111111111001101111110111111
1111111111111001111101111111111
1111111111111001111111011111111
1111111111111010110111011001111
1111111111111011011111111111111
1111111111111011101101110111111
1111111111111011110101111011111
1111111111111011110111111101111
1111111111111011111101111101111
1111111111111011111111011011111
1111111111111011111111011111111
1111111111111011111111111101111
1111111111111011111111111111111
1111111111111100100101110011011
1111111111111100111101011111111
1111111111111101101101010111111
1111111111111101101101110011111
1111111111111101101101110111111
1111111111111101101111010111111
1111111111111101101111110111111
1111111111111101110111111111111
1111111111111101111101011111111
1111111111111101111111011111111
1111111111111101111111111111111
1111111111111110110111111111011
1111111111111110111111111111111
1111111111111111011111011111111
1111111111111111011111111111111
1111111111111111100101010111111
1111111111111111101101010111111
1111111111111111101101110111111
1111111111111111101111110111111
1111111111111111101111111111111
1111111111111111110111011111111
1111111111111111110111111001111
1111111111111111110111111011111
1111111111111111110111111111111
1111111111111111111101111011111
1111111111111111111101111111111
1111111111111111111111011001011
1111111111111111111111011111111
1111111111111111111111110111111
1111111111111111111111111011111
1111111111111111111111111101111
1111111111111111111111111111011
